5867119
5867115
5867113
5867109
5866922
5866853
5866709
5866597
5866547
5866507
5866501
5866400
5866341
5866297
5866292
5866227
5866028
5866007
5865687
5865632
5865476
5865474
5865392
5865261
5864810
5864623
5864535
5864372
5864328
5864288
5863923
5863911
5863905
5863749
5863612
5863499
5863430
5863400
5863361
5863238
5863142
5862775
5862713
5862644
5862600
5862548
5862411
5862362
5862311
5862289
5862158
5862132
5862033
5861837
5861820
5861784
5861615
5861553
5861534
5861477
5861391
5861344
5861312
5861290
5861090
5861024
5860969
5860796
5860728
5860706
5860665
5860653
5860572
5860560
5860239
5860226
5860169
5860151
5860025
5859871
5859870
5859734
5859724
5859666
5859591
5859350
5859221
5859147
5859031
5858984
5858979
5858758
5858515
5858392
5858391
5858185
5858179
5858051
5858007
5857972
5857924
5857899
5857816
5857679
5857654
5857625
5857598
5857498
5857470
5857258
5857208
5857201
5857156
5857090
5856665
5856443
5856248
5856191
5855884
5855777
5855699
5855655
5855579
5855556
5855386
5855347
5855259
5855234
5855135
5855117
5855082
5854993
5854946
5854756
5854637
5854330
5854323
5854306
5854227
5854085
5854029
5853851
5853820
5853721
5853609
5853514
5853153
5852752
5852616
5852563
5852546
5852491
5852379
5852353
5852330
5852328
5852324
5852316
5852162
5852131
5852022
5851797
5851788
5851746
5851739
5851662
5851560
5851534
5851478
5851474
5851433
5851415
5851288
5851193
5851060
5851019
5850889
5850845
5850664
5850553
5850506
5850437
5850363
5850312
5850277
5850276
5850047
5849868
5849832
5849800
5849634
5849564
5849300
5849280
5849129
5848942
5848786
5848762
5848420
5848411
